Year,Population,International Migrant Stock,Fertility Rate (per women),Life Expentancy at Birth (years),Urbanization,Population Change (%)
1960,29637450.0,2424881.0,2.98,67.6804878048781,47.66833476282973,0.0
1961,29964000.0,2389838.4,2.83,67.7780487804878,47.899164270158,0.0
1962,30308500.0,2354795.8,2.72,67.4268292682927,48.06377078025277,0.0
1963,30712000.0,2319753.2,2.7,68.3756097560976,48.2463595141394,0.0
1964,31139450.0,2284710.6,2.57,68.6292682926829,48.38684563751335,0.0
1965,31444950.0,2249668.0,2.52,69.4292682926829,48.842798754235936,6.098702823623481
1966,31681000.0,2217339.8,2.34,69.8268292682927,49.184288100283375,5.730209584835144
1967,31987155.0,2185011.6,2.33,69.4243902439024,49.680441861540665,5.538561789596974
1968,32294655.0,2152683.4,2.24,70.219512195122,50.19881404354078,5.153213727533212
1969,32548300.0,2120355.2,2.2,69.719512195122,51.105014379052,4.524325253015071
1970,32664300.0,2088027.0,2.2,69.8682926829268,51.904791072795,3.8777291743189224
1971,32783500.0,2032017.4,2.25,69.6121951219512,52.6260684434466,3.480003787759234
1972,33055650.0,1976007.8,2.24,70.6658536585366,51.89018051596411,3.3403877275112404
1973,33357200.0,1919998.2,2.26,70.6634146341463,53.75315619140116,3.2901574579446757
1974,33678899.0,1863988.6,2.26,71.1170731707317,53.62027793193916,3.4736038441331774
1975,34015199.0,1807979.0,2.27,70.5609756097561,54.75964200575162,4.135704729628364
1976,34356300.0,1755341.0,2.3,70.6560975609756,56.03378630500408,4.7975353455244285
1977,34689050.0,1702703.0,2.23,70.4024390243902,56.7791840623765,4.941364033077544
1978,34965600.0,1650065.0,2.21,70.3512195121951,56.630225545100615,4.821747628697848
1979,35247217.0,1597427.0,2.28,70.7512195121951,57.18266020870647,4.656678355192079
1980,35574150.0,1544789.0,2.28,70.0975609756098,57.893995484473145,4.583101218958041
1981,35898587.0,1499813.6,2.24,71.0512195121951,58.71979453091496,4.489095158675416
1982,36230481.0,1454838.2,2.34,71.1024390243903,58.90048129882361,4.4435664856777635
1983,36571808.0,1409862.8,2.42,71.0,59.042869388175546,4.593680646120757
1984,36904134.0,1364887.4,2.37,70.8,59.13511473810785,4.700844892236455
1985,37201885.0,1319912.0,2.33,70.5487804878049,59.27750282745978,4.575611785524036
1986,37456119.0,1281483.8,2.22,70.8487804878049,59.78973684653095,4.338700016242969
1987,37668045.0,1243055.6,2.15,70.8975609756098,60.20358735274085,3.967830291847352
1988,37824487.0,1204627.4,2.13,71.3317073170732,60.74798188743977,3.425258603566994
1989,37961529.0,1166199.2,2.08,71.0439024390244,60.99298968660394,2.865248104724527
1990,38110782.0,1127771.0,2.06,70.890243902439,61.02281597125872,2.443147706090709
1991,38246193.0,1095161.8,2.07,70.5878048780488,61.02661990321469,2.109332256232954
1992,38363667.0,1062552.6,1.95,71.090243902439,61.03232580114864,1.846716494046885
1993,38461408.0,1029943.4,1.87,71.5951219512195,61.036129733104616,1.683885362410864
1994,38542652.0,997334.2,1.81,71.6951219512195,61.04183563103857,1.5308208476007445
1995,38594998.0,964725.0,1.62,71.8926829268293,61.04563956299455,1.2705485812387618
1996,38624370.0,936830.2,1.59,72.2463414634146,61.0513454609285,0.98879645354506
1997,38649660.0,908935.4,1.51,72.6463414634146,61.05514939288447,0.7454787885631475
1998,38663481.0,881040.6,1.44,72.9975609756098,61.06085529081843,0.525391582128254
1999,38660271.0,853145.8,1.37,73.0439024390244,61.0646592227744,0.30516581993371705
2000,38258629.0,825251.0,1.37,73.7487804878049,61.07036512070836,-0.8715352181129843
2001,38248076.0,804702.6,1.31,74.2,61.07416905266433,-0.9742398387339368
2002,38230364.0,784154.2,1.25,74.4975609756098,61.07987495059829,-1.0848633597294266
2003,38204570.0,763605.8,1.22,74.5975609756098,61.172120300530594,-1.1869365823527378
2004,38182222.0,743057.4,1.23,74.8463414634146,61.17782619846455,-1.2365381504956363
2005,38165445.0,722509.0,1.24,74.9951219512195,61.18163013042052,-0.2435633540344595
2006,38141267.0,706490.6,1.27,75.1439024390244,61.09889461037815,-0.27925326230788805
2007,38120560.0,690472.2,1.31,75.2439024390244,61.00621699545084,-0.2872167264742709
2008,38125759.0,674453.8,1.39,75.5439024390244,60.7707190261766,-0.2062868395063755
2009,38151603.0,658435.4,1.4,75.6951219512195,60.67000128234236,-0.08019177092417618
2010,38042794.0,642417.0,1.41,76.2463414634146,60.43450331306812,-0.32136661841621894
2011,38063255.0,637814.2,1.33,76.6951219512195,60.32574544032693,-0.20453436955830684
2012,38063164.0,633211.4,1.33,76.7463414634146,60.12240798668046,-0.1505644198301348
2013,38040196.0,628608.6,1.29,77.0,59.918070533034,-0.22442307312491305
2014,38011735.0,624005.8,1.32,77.6024390243903,59.71473307938753,-0.36661107005123705
2015,37986412.0,619403.0,1.32,77.4512195121951,59.51039562574106,-0.14820677997520182
2016,37970087.0,619403.0,1.39,77.8512195121951,59.30605817209459,-0.2447714994421757
2017,37974826.0,619403.0,1.48,77.7536585365854,59.10172071844812,-0.2320826508274476
2018,37974750.0,619403.0,1.46,77.6024390243903,58.89738326480165,-0.17204432910913336
2019,37965475.0,619403.0,1.44,77.9048780487805,58.69304581115518,-0.12169925945237914
